timestamps:
  login: 1362177637596
  logout: 1362173539803
  jail: 0
  lastteleport: 1362180795349
ipAddress: 97.90.183.92
lastlocation:
  world: world
  x: 129.5
  y: 13.0
  z: 135.5
  yaw: -275.14227
  pitch: 16.899574
logoutlocation:
  world: world
  x: 66.30000001192093
  y: 78.0
  z: 190.92500001192093
  yaw: -169.84302
  pitch: 17.999846
jailed: false
homes:
  home:
    world: world
    x: 137.6561359661153
    y: 65.0
    z: 192.09479520312473
    yaw: -329.29108
    pitch: 23.649658
godmode: false
powertools: {}
money: 50.0
