timestamps:
  login: 1362199029544
  logout: 1362195655094
  jail: 0
  lastteleport: 1362198445198
ipAddress: 97.90.183.92
lastlocation:
  world: world
  x: 15.306530767132033
  y: 13.0
  z: 242.17188909231197
  yaw: -181.24194
  pitch: 12.54972
logoutlocation:
  world: world
  x: 214.143810548776
  y: 63.0
  z: 342.0589312823936
  yaw: 333.40417
  pitch: 1.4999198
jailed: false
homes:
  home:
    world: world
    x: 137.6561359661153
    y: 65.0
    z: 192.09479520312473
    yaw: -329.29108
    pitch: 23.649658
godmode: false
powertools: {}
money: 750.0
