timestamps:
  login: 1362165649347
  logout: 1362032368345
  jail: 0
  lastteleport: 1362168506104
ipAddress: 97.90.183.92
lastlocation:
  world: world
  x: 382.300000011921
  y: 62.0
  z: 263.30000001192093
  yaw: -264.79102
  pitch: 3.300035
logoutlocation:
  world: world
  x: 135.14770989657552
  y: 65.0
  z: 187.57533973566115
  yaw: 353.80444
  pitch: 22.950144
jailed: false
homes:
  home:
    world: world
    x: 137.6561359661153
    y: 65.0
    z: 192.09479520312473
    yaw: -329.29108
    pitch: 23.649658
godmode: true
