timestamps:
  login: 1362176736853
  logout: 1362178120196
  lastteleport: 1362101563644
  mute: 0
ipAddress: 67.184.144.97
lastlocation:
  world: world
  x: 170.7654651742088
  y: 72.0
  z: 220.5027884613495
  yaw: -177.04083
  pitch: 13.599659
logoutlocation:
  world: world
  x: 96.68923317112687
  y: 61.0
  z: 86.37536511053435
  yaw: -288.4608
  pitch: 24.899775
muted: false
