timestamps:
  login: 1362103746174
  logout: 1362103956624
  lastteleport: 1362101563644
  mute: 0
ipAddress: 67.184.144.97
lastlocation:
  world: world
  x: 170.7654651742088
  y: 72.0
  z: 220.5027884613495
  yaw: -177.04083
  pitch: 13.599659
logoutlocation:
  world: world
  x: 80.09332845640277
  y: 70.0
  z: 186.69999998807907
  yaw: 338.08655
  pitch: 10.350241
nickname: MATT_SUCKS_BIG_DICK
muted: true
