timestamps:
  login: 1362017032795
  lastteleport: 1362026415595
  logout: 1362026958345
ipAddress: 99.118.206.159
lastlocation:
  world: world
  x: 153.06712456171633
  y: 65.53584062504456
  z: 222.30000001192093
  yaw: -262.3911
  pitch: 39.699657
logoutlocation:
  world: world
  x: 134.02457383038086
  y: 73.0
  z: 191.61498754258437
  yaw: -141.0376
  pitch: 8.249993
