timestamps:
  login: 1362164685547
  lastteleport: 1362103552691
  logout: 1362104049464
ipAddress: 76.20.148.7
lastlocation:
  world: world
  x: 133.48231285713393
  y: 65.0
  z: 187.45325413739508
  yaw: 174.409
  pitch: 48.999645
nickname: jim
homes:
  home:
    world: world
    x: 121.78951776333773
    y: 66.0
    z: 151.69227279060755
    yaw: -189.64102
    pitch: 28.599688
logoutlocation:
  world: world
  x: 78.69385786212412
  y: 72.0
  z: 202.163189724333
  yaw: -141.04147
  pitch: 8.400026
afk: false
