timestamps:
  login: 1362169130388
  lastteleport: 1362177355902
  logout: 1362177505196
ipAddress: 76.20.148.7
lastlocation:
  world: world
  x: 134.5936151848213
  y: 68.0
  z: 185.30000001192093
  yaw: 82.908936
  pitch: 14.649769
nickname: jim
homes:
  home:
    world: world
    x: 121.78951776333773
    y: 66.0
    z: 151.69227279060755
    yaw: -189.64102
    pitch: 28.599688
logoutlocation:
  world: world
  x: 125.85362294786336
  y: 70.5
  z: 154.53814466678088
  yaw: -256.3911
  pitch: 2.1996803
afk: false
