timestamps:
  login: 1362163851497
  lastteleport: 1362026450935
  logout: 1362163791097
ipAddress: 66.215.222.125
lastlocation:
  world: world
  x: 79.02749302609126
  y: 72.0
  z: 197.71033679145708
  yaw: 3.1418507
  pitch: 21.019194
logoutlocation:
  world: world
  x: 69.43528029634997
  y: 78.0
  z: 208.10393252831318
  yaw: 356.97498
  pitch: 35.41393
homes:
  home:
    world: world
    x: 68.41924433747984
    y: 72.0
    z: 194.13433048047435
    yaw: -239.22644
    pitch: 26.435066
afk: false
