timestamps:
  login: 1362198948594
  lastteleport: 1362197064900
  logout: 1362198940094
ipAddress: 66.215.222.125
lastlocation:
  world: world
  x: 3.522573995220797
  y: 13.0
  z: 187.14187535232384
  yaw: 4.4893494
  pitch: 19.172403
logoutlocation:
  world: world
  x: 226.64172895407094
  y: 64.0
  z: 330.1591472440371
  yaw: 323.0294
  pitch: 6.6246805
homes:
  home:
    world: world
    x: 68.41924433747984
    y: 72.0
    z: 194.13433048047435
    yaw: -239.22644
    pitch: 26.435066
afk: false
