timestamps:
  login: 1362171013586
  lastteleport: 1362177178656
  logout: 1362170971873
ipAddress: 66.215.222.125
lastlocation:
  world: world
  x: 101.67478318604424
  y: 64.0
  z: 158.74984073833497
  yaw: -182.25671
  pitch: 13.323156
logoutlocation:
  world: world
  x: 135.7423974966463
  y: 65.0
  z: 196.2548012692764
  yaw: 2.8590653
  pitch: 29.142952
homes:
  home:
    world: world
    x: 68.41924433747984
    y: 72.0
    z: 194.13433048047435
    yaw: -239.22644
    pitch: 26.435066
afk: false
