timestamps:
  login: 1362103731174
  lastteleport: 1362026450935
  logout: 1362103391187
ipAddress: 66.215.222.125
lastlocation:
  world: world
  x: 164.875
  y: 67.0
  z: 219.5625
  yaw: -348.53168
  pitch: 10.113527
logoutlocation:
  world: world
  x: 58.64639025065356
  y: 78.0
  z: 202.34959183054642
  yaw: 87.788666
  pitch: -10.620725
homes:
  home:
    world: world
    x: 68.41924433747984
    y: 72.0
    z: 194.13433048047435
    yaw: -239.22644
    pitch: 26.435066
afk: false
