timestamps:
  login: 1362104125214
  logout: 1362104139464
  jail: 0
  lastteleport: 1362100645798
ipAddress: 98.243.213.161
lastlocation:
  world: world
  x: 173.39232680107168
  y: 63.0
  z: -10.159610338434439
  yaw: -318.4961
  pitch: 10.350027
logoutlocation:
  world: world
  x: 64.20859088021338
  y: 63.0
  z: 170.66362213321494
  yaw: 294.41333
  pitch: 18.149925
jailed: false
