jails: 
  main: 
    world: world
    x: -242.86063800557142
    y: 67.0
    z: 197.1758054762459
    yaw: -139.51855
    pitch: 13.768197
