jails: 
  main: 
    world: world
    x: 88.63214965543207
    y: 77.0
    z: 239.59991822471991
    yaw: -7.091095
    pitch: 34.350006
