spawns: 
  default: 
    world: world
    x: 164.875
    y: 68.78125
    z: 219.5625
    yaw: -232.09106
    pitch: 49.449654
