world: world
x: 135.8095878248928
y: 65.0
z: 194.8559264859928
yaw: -184.54211
pitch: 20.949594
name: base
