world: world
x: 130.1153712514739
y: 13.0
z: 136.2230195060997
yaw: -259.24207
pitch: 15.699583
name: mine
